,country,population_thousands,life_expectancy_years,happy_planet_index,year
0,Afghanistan,34413.603,63.4,40.10080812,2015
4,Afghanistan,38041.8,64.8,29.4,2019
1,Afghanistan,35383.028,63.8,42.04274923,2016
3,Afghanistan,37171.922,64.5,31.54055353,2018
2,Afghanistan,36296.111,64.1,31.46323232,2017
6,Albania,2890.524,78.0,47.57418049,2015
10,Albania,2880.9,78.6,51.0,2019
7,Albania,2886.427,78.2,47.42776412,2016
8,Albania,2884.169,78.3,47.91756054,2017
9,Albania,2882.735,78.5,50.82174031,2018
12,Algeria,39728.02,76.1,52.05948199,2015
13,Algeria,40551.398,76.3,49.64701731,2016
16,Algeria,43053.1,76.9,46.5,2019
14,Algeria,41389.174,76.5,49.48500728,2017
15,Algeria,42228.415,76.7,48.18461881,2018
19,Argentina,43508.459,76.2,51.99075157,2016
20,Argentina,43937.143,76.4,49.15572513,2017
22,Argentina,44780.7,76.7,50.0,2019
18,Argentina,43075.416,76.1,51.43833804,2015
21,Argentina,44361.15,76.5,47.75514195,2018
24,Armenia,2925.559,74.5,43.89880496,2015
25,Armenia,2936.147,74.6,44.13751633,2016
28,Armenia,2957.7,75.1,54.7,2019
27,Armenia,2951.741,74.9,50.36376199,2018
26,Armenia,2944.789,74.8,44.36779447,2017
34,Australia,25203.2,83.4,43.1,2019
31,Australia,24262.71,83.0,46.88539264,2016
32,Australia,24584.619,83.1,44.06809061,2017
30,Australia,23932.499,82.8,47.56684669,2015
33,Australia,24898.153,83.3,43.27778032,2018
38,Austria,8819.902,81.3,47.53631933,2017
39,Austria,8891.383,81.4,48.05222106,2018
36,Austria,8678.667,81.2,47.03133872,2015
40,Austria,8955.1,81.5,46.8,2019
37,Austria,8747.306,81.3,46.93854373,2016
44,Azerbaijan,9845.316,72.7,47.88077778,2017
45,Azerbaijan,9949.537,72.9,48.00791652,2018
46,Azerbaijan,10047.7,73.0,48.0,2019
42,Azerbaijan,9622.741,72.3,46.52453921,2015
43,Azerbaijan,9736.041,72.5,48.84719645,2016
49,Bahrain,1425.793,76.9,32.24323174,2016
52,Bahrain,1641.2,77.3,33.6,2019
51,Bahrain,1569.44,77.2,33.48858453,2018
48,Bahrain,1371.853,76.8,36.54810202,2015
50,Bahrain,1494.077,77.0,32.69513916,2017
55,Bangladesh,157977.151,71.8,50.19169361,2016
58,Bangladesh,163046.2,72.6,54.5,2019
57,Bangladesh,161376.713,72.3,49.73475272,2018
54,Bangladesh,156256.287,71.5,50.29627986,2015
56,Bangladesh,159685.421,72.1,48.37629207,2017
63,Belarus,9452.615,74.6,39.36753199,2018
60,Belarus,9439.424,73.7,42.31306114,2015
62,Belarus,9450.233,74.3,40.93394697,2017
61,Belarus,9445.638,74.0,39.76507471,2016
64,Belarus,9452.4,74.8,42.9,2019
66,Belgium,11287.931,81.0,44.62783153,2015
68,Belgium,11419.752,81.3,43.63812748,2017
69,Belgium,11482.18,81.5,43.2661911,2018
70,Belgium,11539.3,81.6,42.5,2019
67,Belgium,11354.407,81.1,44.89112374,2016
76,Benin,11801.2,61.8,41.4,2019
72,Benin,10575.962,60.6,32.71230513,2015
74,Benin,11175.192,61.2,40.21962056,2017
75,Benin,11485.035,61.5,46.26491601,2018
73,Benin,10872.072,60.9,34.61954904,2016
87,Bolivia,11353.14,71.2,45.86141216,2018
88,Bolivia,11513.1,71.5,45.0,2019
86,Bolivia,11192.853,70.9,43.97615561,2017
84,Bolivia,10869.732,70.3,44.48356829,2015
85,Bolivia,11031.822,70.6,44.25669116,2016
94,Bosnia and Herzegovina,3301.0,77.4,47.8,2019
90,Bosnia and Herzegovina,3429.362,76.9,43.60700492,2015
91,Bosnia and Herzegovina,3386.263,77.0,42.88989601,2016
92,Bosnia and Herzegovina,3351.534,77.1,42.94081871,2017
93,Bosnia and Herzegovina,3323.929,77.3,47.66868461,2018
96,Botswana,2120.716,67.3,33.07775983,2015
97,Botswana,2159.925,68.2,31.3556357,2016
99,Botswana,2254.067,69.3,31.51073757,2018
98,Botswana,2205.076,68.8,31.49326747,2017
100,Botswana,2303.7,69.6,31.9,2019
103,Brazil,206163.056,75.2,53.78350082,2016
106,Brazil,211049.5,75.9,54.6,2019
105,Brazil,209469.32,75.7,52.4416616,2018
102,Brazil,204471.759,75.0,54.19507017,2015
104,Brazil,207833.825,75.5,52.99111082,2017
109,Bulgaria,7151.948,74.7,40.14805243,2016
111,Bulgaria,7051.61,74.9,40.57941736,2018
108,Bulgaria,7199.739,74.6,40.43299082,2015
112,Bulgaria,7000.1,75.0,40.1,2019
110,Bulgaria,7102.452,74.8,40.935937,2017
114,Burkina Faso,18110.616,59.9,37.83133399,2015
115,Burkina Faso,18646.35,60.4,36.99844683,2016
117,Burkina Faso,19751.466,61.2,42.26598534,2018
116,Burkina Faso,19193.236,60.8,40.1603322,2017
118,Burkina Faso,20321.4,61.6,41.5,2019
122,Burundi,10827.01,60.9,35.69475221,2017
124,Burundi,11530.6,61.6,37.7,2019
120,Burundi,10160.034,60.1,32.24339336,2015
123,Burundi,11175.379,61.2,37.35026949,2018
121,Burundi,10488.002,60.5,33.79186488,2016
128,Cambodia,16009.413,69.3,45.16385035,2017
129,Cambodia,16249.795,69.6,48.56430751,2018
130,Cambodia,16486.5,69.8,48.0,2019
126,Cambodia,15521.435,68.6,41.98964735,2015
127,Cambodia,15766.29,69.0,44.04312192,2016
136,Cameroon,25876.4,59.3,39.9,2019
134,Cameroon,24566.07,58.5,40.18398452,2017
133,Cameroon,23926.549,58.1,37.99550162,2016
135,Cameroon,25216.261,58.9,41.46230101,2018
132,Cameroon,23298.376,57.6,39.17658912,2015
139,Canada,36382.942,82.1,40.8171384,2016
141,Canada,37074.558,82.3,40.50111265,2018
142,Canada,37411.0,82.4,40.2,2019
140,Canada,36732.091,82.2,41.82213127,2017
138,Canada,36026.668,82.0,42.20680019,2015
150,Chad,14110.971,53.1,29.95960257,2015
153,Chad,15477.727,54.0,31.48851121,2018
151,Chad,14561.658,53.4,28.52399341,2016
152,Chad,15016.761,53.7,31.76874686,2017
154,Chad,15946.9,54.2,30.4,2019
156,Chile,17969.356,79.6,50.49039653,2015
159,Chile,18729.166,80.0,48.71915892,2018
160,Chile,18952.0,80.2,45.6,2019
158,Chile,18470.435,79.9,48.58351925,2017
157,Chile,18209.072,79.8,50.82981708,2016
162,China,1406847.868,75.9,42.9910151,2015
164,China,1421021.794,76.5,41.67950278,2017
166,China,1433783.7,76.9,41.9,2019
163,China,1414049.353,76.2,43.48180178,2016
165,China,1427647.789,76.7,41.76439175,2018
172,Colombia,50339.4,77.3,60.2,2019
170,Colombia,48909.844,76.9,58.6797165,2017
169,Colombia,48175.048,76.7,58.1467944,2016
171,Colombia,49661.056,77.1,57.52070486,2018
168,Colombia,47520.667,76.5,59.65478682,2015
182,Congo (Brazzaville),5110.701,64.0,44.57206784,2017
184,Congo (Brazzaville),5380.5,64.6,47.2,2019
181,Congo (Brazzaville),4980.996,63.6,39.05896825,2016
183,Congo (Brazzaville),5244.363,64.3,48.75799677,2018
180,Congo (Brazzaville),4856.093,63.1,42.54468175,2015
192,Costa Rica,4847.805,79.6,61.7462735,2015
193,Costa Rica,4899.336,79.7,62.37983287,2016
195,Costa Rica,4999.443,80.1,63.30310154,2018
194,Costa Rica,4949.955,79.9,64.1664918,2017
196,Costa Rica,5047.6,80.3,62.1,2019
199,Cote d'Ivoire,23822.726,56.6,35.60724689,2016
201,Cote d'Ivoire,25069.226,57.4,39.08015845,2018
198,Cote d'Ivoire,23226.148,56.1,34.81490026,2015
200,Cote d'Ivoire,24437.475,57.0,37.97278871,2017
202,Cote d'Ivoire,25716.6,57.8,39.6,2019
207,Croatia,4156.407,78.3,45.52398626,2018
205,Croatia,4208.611,78.0,43.70496939,2016
208,Croatia,4130.3,78.5,46.2,2019
204,Croatia,4232.874,77.9,43.12976486,2015
206,Croatia,4182.847,78.2,44.18255747,2017
212,Cyprus,1179.685,80.7,49.47223476,2017
211,Cyprus,1170.189,80.5,49.05419209,2016
213,Cyprus,1189.262,80.8,50.52531122,2018
210,Cyprus,1160.987,80.3,47.60420644,2015
214,Cyprus,1198.6,81.0,49.4,2019
220,Czech Republic,10689.2,79.4,46.8,2019
218,Czech Republic,10641.032,79.1,45.65914911,2017
217,Czech Republic,10618.868,78.9,45.00467855,2016
219,Czech Republic,10665.679,79.2,46.92872321,2018
216,Czech Republic,10601.39,78.7,44.39500336,2015
225,Denmark,5752.131,80.8,45.19615624,2018
224,Denmark,5732.277,80.7,45.36657659,2017
223,Denmark,5711.346,80.6,45.17885125,2016
222,Denmark,5688.695,80.5,44.20832842,2015
226,Denmark,5771.9,80.9,45.3,2019
229,Dominican Republic,10397.738,73.5,50.84355559,2016
230,Dominican Republic,10513.111,73.7,53.14711944,2017
228,Dominican Republic,10281.675,73.2,49.72229954,2015
231,Dominican Republic,10627.147,73.9,51.42705685,2018
232,Dominican Republic,10739.0,74.1,54.8,2019
235,Ecuador,16491.116,76.4,59.5325466,2016
236,Ecuador,16785.356,76.6,57.50511403,2017
237,Ecuador,17084.359,76.8,60.20185891,2018
234,Ecuador,16212.022,76.1,56.73102,2015
238,Ecuador,17373.7,77.0,58.8,2019
242,Egypt,96442.59,71.7,39.880006,2017
241,Egypt,94447.071,71.5,44.17219302,2016
244,Egypt,100388.1,72.0,43.2,2019
243,Egypt,98423.602,71.8,40.55629471,2018
240,Egypt,92442.549,71.3,44.82085516,2015
246,El Salvador,6325.121,72.4,53.68541181,2015
249,El Salvador,6420.74,73.1,55.10601219,2018
248,El Salvador,6388.124,72.9,56.01473623,2017
250,El Salvador,6453.6,73.3,56.3,2019
247,El Salvador,6356.137,72.6,54.29450265,2016
255,Estonia,1322.913,78.6,35.34342274,2018
256,Estonia,1325.6,78.8,34.4,2019
253,Estonia,1316.507,78.1,34.629869,2016
252,Estonia,1315.33,77.8,34.42629032,2015
254,Estonia,1319.389,78.4,35.73640942,2017
267,Ethiopia,109224.41,66.2,43.22297012,2018
268,Ethiopia,112078.7,66.6,41.7,2019
264,Ethiopia,100835.453,65.0,43.36953047,2015
265,Ethiopia,103603.461,65.5,42.03016388,2016
266,Ethiopia,106399.926,65.9,41.60349911,2017
272,Finland,5511.372,81.6,51.04208969,2017
274,Finland,5532.2,81.9,51.3,2019
270,Finland,5481.128,81.2,49.33257044,2015
271,Finland,5497.714,81.4,48.99474076,2016
273,Finland,5522.585,81.7,51.18811549,2018
279,France,64990.512,82.5,51.17811753,2018
277,France,64667.59,82.3,50.43392161,2016
280,France,65129.7,82.7,51.8,2019
276,France,64453.194,82.2,48.6826246,2015
278,France,64842.513,82.4,50.6401261,2017
283,Gabon,2007.882,65.4,38.85935188,2016
286,Gabon,2172.6,66.5,39.9,2019
285,Gabon,2119.275,66.2,39.29790813,2018
282,Gabon,1947.69,64.9,37.21436962,2015
284,Gabon,2064.812,65.8,39.48938701,2017
291,Georgia,4002.946,73.6,43.36861131,2018
289,Georgia,4015.457,73.2,43.04600412,2016
288,Georgia,4024.18,73.0,41.19047581,2015
292,Georgia,3996.8,73.8,44.3,2019
290,Georgia,4008.723,73.4,42.56177598,2017
294,Germany,81787.411,80.8,50.7113199,2015
298,Germany,83517.0,81.3,52.7,2019
296,Germany,82658.409,81.0,51.73915277,2017
295,Germany,82193.77,80.9,50.26092251,2016
297,Germany,83124.413,81.2,52.49810705,2018
303,Ghana,29767.108,63.8,39.68537151,2018
304,Ghana,30417.9,64.1,39.5,2019
302,Ghana,29121.464,63.5,42.55938534,2017
301,Ghana,28481.947,63.1,36.91534815,2016
300,Ghana,27849.203,62.8,33.53668329,2015
306,Greece,10659.737,81.5,46.06999201,2015
310,Greece,10473.5,82.2,48.8,2019
308,Greece,10569.449,81.9,43.56733884,2017
309,Greece,10522.244,82.1,45.29208356,2018
307,Greece,10615.183,81.7,44.40699922,2016
316,Guatemala,17581.5,74.3,57.9,2019
315,Guatemala,17247.855,74.1,60.20083496,2018
312,Guatemala,16252.425,73.3,58.29211188,2015
314,Guatemala,16914.979,73.8,58.09636199,2017
313,Guatemala,16583.079,73.5,57.67299232,2016
321,Guinea,12414.292,61.2,40.86355159,2018
322,Guinea,12771.2,61.6,38.1,2019
319,Guinea,11738.434,60.2,31.12473456,2016
318,Guinea,11432.096,59.6,30.41397624,2015
320,Guinea,12067.516,60.7,38.63546408,2017
328,Haiti,11263.1,64.0,38.2,2019
324,Haiti,10695.54,62.5,36.87488828,2015
325,Haiti,10839.976,62.9,35.58263314,2016
326,Haiti,10982.367,63.3,39.21815961,2017
327,Haiti,11123.183,63.7,37.94186761,2018
330,Honduras,9112.904,74.5,49.45467831,2015
332,Honduras,9429.016,74.9,58.64685917,2017
334,Honduras,9746.1,75.3,57.7,2019
333,Honduras,9587.523,75.1,57.63346241,2018
331,Honduras,9270.794,74.7,55.73818967,2016
345,Hungary,9707.502,76.7,45.94365008,2018
346,Hungary,9684.7,76.9,45.4,2019
342,Hungary,9777.925,76.0,44.02126767,2015
343,Hungary,9752.97,76.3,43.31716346,2016
344,Hungary,9729.822,76.5,47.57198268,2017
357,India,1352642.283,69.4,40.29637313,2018
358,India,1366417.8,69.7,36.4,2019
354,India,1310152.392,68.6,44.10126332,2015
355,India,1324517.25,68.9,43.02898423,2016
356,India,1338676.779,69.2,42.02997103,2017
363,Indonesia,267670.549,71.5,49.67023522,2018
360,Indonesia,258383.257,70.8,47.8746162,2015
362,Indonesia,264650.969,71.3,48.27079061,2017
361,Indonesia,261556.386,71.0,48.5456262,2016
364,Indonesia,270625.6,71.7,49.6,2019
368,Iran,80673.888,76.3,41.31012722,2017
369,Iran,81800.204,76.5,38.75467309,2018
370,Iran,82913.9,76.7,43.6,2019
366,Iran,78492.208,75.8,41.36126242,2015
367,Iran,79563.991,76.0,41.02257135,2016
374,Iraq,37552.789,70.3,42.41906805,2017
375,Iraq,38433.604,70.5,45.42260571,2018
376,Iraq,39309.8,70.6,45.3,2019
373,Iraq,36610.632,70.1,42.29979124,2016
372,Iraq,35572.269,69.9,42.56272307,2015
379,Ireland,4695.79,81.6,50.42761852,2016
378,Ireland,4652.42,81.3,48.80178696,2015
380,Ireland,4753.281,81.9,50.86492353,2017
382,Ireland,4882.5,82.3,51.1,2019
381,Ireland,4818.694,82.1,49.8516289,2018
386,Israel,8243.849,82.7,50.57504766,2017
384,Israel,7978.496,82.3,48.53490883,2015
387,Israel,8381.507,82.8,47.33166993,2018
388,Israel,8519.4,83.0,48.2,2019
385,Israel,8108.984,82.5,52.95537866,2016
393,Italy,60627.291,83.4,51.21839408,2018
392,Italy,60673.694,83.2,49.46967817,2017
391,Italy,60663.068,83.0,48.25081043,2016
394,Italy,60550.1,83.5,50.7,2019
390,Italy,60578.489,82.8,47.31775428,2015
397,Jamaica,2906.242,74.2,55.20347421,2016
399,Jamaica,2934.853,74.4,56.45698863,2018
396,Jamaica,2891.024,74.1,54.37250794,2015
398,Jamaica,2920.848,74.3,55.26431443,2017
400,Jamaica,2948.3,74.5,57.9,2019
404,Japan,127502.728,84.3,47.38539508,2017
403,Japan,127763.267,84.1,48.33973477,2016
405,Japan,127202.19,84.5,46.57069051,2018
406,Japan,126860.3,84.6,47.1,2019
402,Japan,127985.139,83.9,47.93934159,2015
412,Jordan,10101.7,74.5,43.9,2019
408,Jordan,9266.573,74.1,51.22810441,2015
410,Jordan,9785.84,74.3,46.96536822,2017
409,Jordan,9554.286,74.2,49.70275016,2016
411,Jordan,9965.322,74.4,45.50249618,2018
415,Kazakhstan,17830.902,72.1,34.15479972,2016
418,Kazakhstan,18551.4,73.6,38.6,2019
416,Kazakhstan,18080.023,72.7,35.68789318,2017
417,Kazakhstan,18319.616,73.2,36.66047233,2018
414,Kazakhstan,17572.01,71.3,35.56350402,2015
421,Kenya,49051.531,65.4,42.77505281,2016
423,Kenya,51392.57,66.3,45.1485644,2018
422,Kenya,50221.146,65.9,43.73543251,2017
420,Kenya,47878.339,64.8,41.76008859,2015
424,Kenya,52574.0,66.7,45.2,2019
430,Kuwait,4207.1,75.5,33.3,2019
428,Kuwait,4056.102,75.3,32.72680536,2017
426,Kuwait,3835.588,75.1,31.98476069,2015
427,Kuwait,3956.862,75.2,31.2002207,2016
429,Kuwait,4137.314,75.4,33.05372679,2018
432,Kyrgyzstan,5959.126,70.9,46.26285961,2015
433,Kyrgyzstan,6074.327,71.1,46.32117641,2016
434,Kyrgyzstan,6189.727,71.2,52.55963878,2017
435,Kyrgyzstan,6304.025,71.3,50.47203196,2018
436,Kyrgyzstan,6415.9,71.5,53.7,2019
447,Latvia,1928.461,75.2,35.22580922,2018
446,Latvia,1951.097,75.0,36.98340444,2017
444,Latvia,1997.675,74.7,36.31080676,2015
445,Latvia,1974.265,74.9,36.49648773,2016
448,Latvia,1906.7,75.3,34.1,2019
454,Lebanon,6855.7,78.9,39.0,2019
450,Lebanon,6532.681,78.8,44.96997611,2015
451,Lebanon,6714.281,78.8,45.67735347,2016
453,Lebanon,6859.408,78.9,45.82130248,2018
452,Lebanon,6819.373,78.8,45.15592938,2017
466,Liberia,4937.4,64.1,46.0,2019
465,Liberia,4818.976,63.7,39.08039625,2018
464,Liberia,4702.224,63.3,40.73527933,2017
462,Liberia,4472.229,62.3,28.5885113,2015
463,Liberia,4586.788,62.8,33.23599467,2016
470,Libya,6580.723,72.5,43.36284088,2017
472,Libya,6777.5,72.9,42.7,2019
469,Libya,6492.16,72.3,41.48335513,2016
471,Libya,6678.565,72.7,42.94110805,2018
468,Libya,6418.315,72.1,41.19857575,2015
476,Lithuania,2845.419,75.5,39.49106761,2017
475,Lithuania,2889.555,75.2,38.76692009,2016
477,Lithuania,2801.27,75.7,38.76514251,2018
478,Lithuania,2759.6,75.9,36.9,2019
474,Lithuania,2931.872,74.9,37.75359151,2015
483,Luxembourg,604.244,82.1,30.94930291,2018
481,Luxembourg,579.266,81.8,29.94113103,2016
482,Luxembourg,591.914,82.0,30.2816418,2017
480,Luxembourg,566.741,81.6,29.01207818,2015
484,Luxembourg,615.7,82.3,31.7,2019
487,Madagascar,24894.37,65.9,38.44090988,2016
489,Madagascar,26262.313,66.7,41.88067184,2018
490,Madagascar,26969.3,67.0,44.2,2019
488,Madagascar,25570.511,66.3,41.70496943,2017
486,Madagascar,24234.08,65.5,37.70188054,2015
496,Malawi,18628.7,64.3,38.7,2019
494,Malawi,17670.193,63.3,35.07855368,2017
495,Malawi,18143.215,63.8,34.71630124,2018
492,Malawi,16745.305,62.0,37.48073827,2015
493,Malawi,17205.253,62.7,35.38943639,2016
501,Malaysia,31528.033,76.0,41.53632467,2018
498,Malaysia,30270.965,75.5,47.3134855,2015
500,Malaysia,31104.655,75.8,43.72526932,2017
502,Malaysia,31949.8,76.2,41.7,2019
499,Malaysia,30684.652,75.6,45.64232251,2016
507,Mali,19077.755,58.9,35.66796942,2018
505,Mali,17965.448,58.0,32.65902655,2016
504,Mali,17438.772,57.5,35.53292792,2015
506,Mali,18512.429,58.5,37.3662321,2017
508,Mali,19658.0,59.3,39.3,2019
514,Malta,440.4,82.5,43.5,2019
510,Malta,433.559,81.9,47.88916061,2015
511,Malta,436.099,82.1,45.79585328,2016
513,Malta,439.255,82.4,46.05316234,2018
512,Malta,437.935,82.2,46.18947093,2017
519,Mauritania,4403.312,64.7,35.36185015,2018
516,Mauritania,4046.304,63.9,32.82463887,2015
518,Mauritania,4282.582,64.5,37.34564725,2017
517,Mauritania,4163.532,64.2,35.77782322,2016
520,Mauritania,4525.7,64.9,34.7,2019
522,Mauritius,1259.457,74.5,44.73934336,2015
523,Mauritius,1261.87,74.6,44.45301295,2016
526,Mauritius,1269.7,75.0,51.5,2019
524,Mauritius,1264.497,74.7,49.97634013,2017
525,Mauritius,1267.184,74.9,48.46616829,2018
528,Mexico,121858.251,74.9,53.59353453,2015
530,Mexico,124777.326,74.9,54.11144842,2017
531,Mexico,126190.782,75.0,55.02105747,2018
532,Mexico,127575.5,75.0,54.3,2019
529,Mexico,123333.379,74.9,57.15920886,2016
536,Moldova,4059.687,71.7,48.90989304,2017
534,Moldova,4070.705,71.5,55.76270768,2015
537,Moldova,4051.95,71.8,50.60364962,2018
535,Moldova,4066.013,71.6,51.55072489,2016
538,Moldova,4043.3,71.9,51.0,2019
544,Mongolia,3225.2,69.9,24.5,2019
543,Mongolia,3170.214,69.7,24.72542004,2018
540,Mongolia,2998.433,69.1,26.91293083,2015
541,Mongolia,3056.358,69.3,26.68082725,2016
542,Mongolia,3113.788,69.5,27.0210166,2017
550,Montenegro,628.0,76.9,41.3,2019
549,Montenegro,627.803,76.8,43.28636699,2018
546,Montenegro,626.957,76.5,41.89296266,2015
548,Montenegro,627.563,76.7,43.26495167,2017
547,Montenegro,627.271,76.6,42.98068696,2016
552,Morocco,34663.608,75.7,51.40795506,2015
553,Morocco,35126.274,76.0,54.03605083,2016
556,Morocco,36471.8,76.7,50.9,2019
554,Morocco,35581.257,76.2,52.95231399,2017
555,Morocco,36029.089,76.5,49.87068701,2018
562,Mozambique,30366.0,60.9,44.2,2019
560,Mozambique,28649.007,59.3,38.3428658,2017
561,Mozambique,29496.009,60.2,41.5696699,2018
559,Mozambique,27829.93,58.3,38.59457063,2016
558,Mozambique,27042.001,57.2,38.48049333,2015
565,Myanmar,53045.199,66.2,41.14836783,2016
567,Myanmar,53708.318,66.9,39.83167699,2018
564,Myanmar,52680.724,65.8,38.54776205,2015
568,Myanmar,54045.4,67.1,40.0,2019
566,Myanmar,53382.521,66.6,38.31323451,2017
570,Namibia,2314.901,62.1,37.0056706,2015
574,Namibia,2494.5,63.7,36.8,2019
572,Namibia,2402.623,63.0,35.85611864,2017
573,Namibia,2448.3,63.4,38.57984512,2018
571,Namibia,2358.044,62.6,34.04333668,2016
576,Nepal,27015.033,69.5,49.28776969,2015
580,Nepal,28608.7,70.8,53.1,2019
579,Nepal,28095.712,70.5,49.16969376,2018
577,Nepal,27263.43,69.8,51.05097307,2016
578,Nepal,27632.682,70.2,48.3830935,2017
586,Netherlands,17097.1,82.3,54.9,2019
582,Netherlands,16938.492,81.7,50.45889694,2015
584,Netherlands,17021.343,82.0,53.1166972,2017
583,Netherlands,16981.285,81.9,53.68594754,2016
585,Netherlands,17059.56,82.1,54.01096098,2018
589,New Zealand,4659.265,81.9,54.37656561,2016
592,New Zealand,4783.1,82.3,57.4,2019
591,New Zealand,4743.131,82.1,57.25973168,2018
588,New Zealand,4614.527,81.7,53.20181426,2015
590,New Zealand,4702.029,82.0,55.81019187,2017
594,Nicaragua,6223.234,73.6,57.16899761,2015
596,Nicaragua,6384.843,74.1,59.74465975,2017
595,Nicaragua,6303.97,73.9,56.1793593,2016
598,Nicaragua,6545.5,74.5,55.2,2019
597,Nicaragua,6465.502,74.3,54.18555087,2018
601,Niger,20788.789,61.1,35.51831581,2016
603,Niger,22442.831,62.0,41.90897353,2018
602,Niger,21602.388,61.6,38.32558134,2017
600,Niger,20001.663,60.6,31.74591484,2015
604,Niger,23310.7,62.4,41.4,2019
609,Nigeria,195874.685,54.3,38.90693084,2018
608,Nigeria,190873.247,54.0,39.11294842,2017
610,Nigeria,200963.6,54.7,34.1,2019
606,Nigeria,181137.454,53.1,35.8888557,2015
607,Nigeria,185960.244,53.5,37.89295421,2016
613,North Macedonia,2080.746,75.5,46.2416857,2016
615,North Macedonia,2082.957,75.7,45.27590392,2018
612,North Macedonia,2079.335,75.4,42.68560487,2015
614,North Macedonia,2081.996,75.6,44.80451926,2017
616,North Macedonia,2083.5,75.8,43.9,2019
621,Norway,5337.96,82.3,50.21740314,2018
618,Norway,5199.827,81.9,50.67855619,2015
620,Norway,5296.324,82.1,50.53455496,2017
622,Norway,5378.9,82.4,50.9,2019
619,Norway,5250.95,82.0,51.87219257,2016
626,Pakistan,207906.21,66.9,55.05779695,2017
624,Pakistan,199426.953,66.6,48.10268146,2015
628,Pakistan,216565.3,67.3,45.1,2019
625,Pakistan,203631.356,66.8,53.22461771,2016
627,Pakistan,212228.288,67.1,52.39046558,2018
631,"Palestine, State of",4635.644,73.6,54.86205981,2016
632,"Palestine, State of",4747.233,73.7,52.29639146,2017
634,"Palestine, State of",4981.4,74.0,50.3,2019
630,"Palestine, State of",4529.16,73.4,52.9289479,2015
633,"Palestine, State of",4862.978,73.9,51.30103809,2018
638,Panama,4106.764,78.1,60.10793063,2017
636,Panama,3968.49,77.8,59.61897837,2015
639,Panama,4176.868,78.3,58.66240568,2018
640,Panama,4246.4,78.5,57.9,2019
637,Panama,4037.073,78.0,56.93162189,2016
642,Paraguay,6688.746,73.7,46.02595075,2015
643,Paraguay,6777.878,73.8,47.91831036,2016
644,Paraguay,6867.058,74.0,46.51049958,2017
645,Paraguay,6956.069,74.1,46.92878022,2018
646,Paraguay,7044.6,74.3,47.6,2019
650,Peru,31444.299,76.3,53.45396197,2017
649,Peru,30926.036,76.0,52.63961877,2016
648,Peru,30470.739,75.8,50.85814263,2015
651,Peru,31989.265,76.5,53.33301717,2018
652,Peru,32510.5,76.7,55.9,2019
657,Philippines,106651.394,71.1,54.93372905,2018
655,Philippines,103663.812,70.8,52.443902,2016
656,Philippines,105172.921,71.0,53.61026026,2017
658,Philippines,108116.6,71.2,57.1,2019
654,Philippines,102113.206,70.6,54.40935611,2015
660,Poland,38034.076,77.9,46.22308935,2015
661,Poland,37989.218,78.1,46.16811923,2016
662,Poland,37953.176,78.3,45.00138843,2017
664,Poland,37887.8,78.7,45.0,2019
663,Poland,37921.585,78.5,44.27596619,2018
666,Portugal,10368.346,81.2,43.53658371,2015
670,Portugal,10226.2,82.0,46.3,2019
669,Portugal,10256.192,81.9,46.12374519,2018
667,Portugal,10325.54,81.4,45.74078356,2016
668,Portugal,10288.527,81.7,45.6479221,2017
679,Romania,19796.28,75.6,49.55906318,2016
681,Romania,19506.11,75.9,47.63387338,2018
678,Romania,19925.182,75.5,48.85549262,2015
680,Romania,19653.966,75.8,48.53868715,2017
682,Romania,19364.6,76.0,46.2,2019
686,Russia,145530.091,72.1,35.44718967,2017
684,Russia,144985.059,71.5,38.06952237,2015
685,Russia,145275.374,71.8,37.48104911,2016
688,Russia,145872.3,72.6,34.9,2019
687,Russia,145734.034,72.4,35.12681073,2018
690,Rwanda,11369.066,67.5,39.61006104,2015
693,Rwanda,12301.969,68.7,41.10205847,2018
694,Rwanda,12626.9,69.0,39.2,2019
692,Rwanda,11980.96,68.3,37.36791393,2017
691,Rwanda,11668.829,67.9,38.70454113,2016
700,Saudi Arabia,34268.5,75.1,41.6,2019
699,Saudi Arabia,33702.757,75.0,40.14794386,2018
698,Saudi Arabia,33101.183,74.9,39.55164833,2017
697,Saudi Arabia,32443.443,74.8,41.57445544,2016
696,Saudi Arabia,31717.676,74.7,39.01627851,2015
706,Senegal,16296.4,67.9,51.2,2019
704,Senegal,15419.354,67.4,45.35825605,2017
702,Senegal,14578.45,66.7,44.45649306,2015
705,Senegal,15854.324,67.7,46.03607262,2018
703,Senegal,14993.514,67.1,44.85430544,2016
709,Serbia,8853.963,75.5,48.5659779,2016
710,Serbia,8829.623,75.7,45.65771779,2017
708,Serbia,8876.777,75.3,46.18605787,2015
711,Serbia,8802.741,75.8,51.20114469,2018
712,Serbia,8772.2,76.0,53.2,2019
714,Sierra Leone,7171.909,52.9,35.76663953,2015
716,Sierra Leone,7488.427,53.9,32.13759895,2017
718,Sierra Leone,7813.2,54.7,29.0,2019
717,Sierra Leone,7650.149,54.3,33.61343409,2018
715,Sierra Leone,7328.846,53.4,35.44928688,2016
720,Singapore,5592.143,82.9,43.65209629,2015
721,Singapore,5653.625,83.1,41.12248981,2016
722,Singapore,5708.042,83.3,44.59428992,2017
724,Singapore,5804.3,83.6,45.5,2019
723,Singapore,5757.503,83.5,45.09627695,2018
727,Slovakia,5442.001,77.0,45.34959148,2016
729,Slovakia,5453.017,77.4,45.93018711,2018
728,Slovakia,5447.903,77.2,46.43715015,2017
730,Slovakia,5457.0,77.5,46.6,2019
726,Slovakia,5435.614,76.8,46.24839464,2015
736,Slovenia,2078.7,81.3,47.9,2019
734,Slovenia,2076.395,81.0,45.7815681,2017
732,Slovenia,2071.199,80.7,43.36917874,2015
733,Slovenia,2074.205,80.9,44.53491409,2016
735,Slovenia,2077.836,81.2,45.80267268,2018
740,South Africa,57009.751,63.5,32.57705319,2017
739,South Africa,56207.649,63.2,33.85786272,2016
742,South Africa,58558.3,64.1,36.2,2019
741,South Africa,57792.52,63.9,34.95262643,2018
738,South Africa,55386.369,62.6,33.46703325,2015
745,South Korea,50983.446,82.4,41.72344712,2016
747,South Korea,51171.7,82.8,39.79236757,2018
744,South Korea,50823.087,82.1,41.0529808,2015
748,South Korea,51225.3,83.0,39.8,2019
746,South Korea,51096.408,82.6,40.51557726,2017
750,Spain,46671.919,83.0,52.84710679,2015
751,Spain,46634.131,83.1,51.82363812,2016
753,Spain,46692.863,83.4,52.89059426,2018
752,Spain,46647.425,83.3,51.55928857,2017
754,Spain,46736.8,83.6,52.3,2019
757,Sri Lanka,21021.177,76.5,48.57545597,2016
756,Sri Lanka,20908.024,76.3,49.35841678,2015
760,Sri Lanka,21323.7,77.0,46.8,2019
759,Sri Lanka,21228.76,76.8,48.48710561,2018
758,Sri Lanka,21128.028,76.6,47.70705693,2017
770,Sweden,9904.895,82.5,48.06842081,2017
768,Sweden,9764.949,82.3,48.15009952,2015
771,Sweden,9971.63,82.7,49.38821142,2018
769,Sweden,9836.003,82.4,48.2140206,2016
772,Sweden,10036.4,82.8,50.5,2019
778,Switzerland,8591.4,83.8,60.1,2019
774,Switzerland,8296.775,83.1,56.25750342,2015
775,Switzerland,8379.915,83.3,56.11937518,2016
776,Switzerland,8455.797,83.5,57.00842613,2017
777,Switzerland,8525.614,83.6,58.07155554,2018
788,Tajikistan,8880.27,70.6,57.71557999,2017
790,Tajikistan,9321.0,71.1,55.2,2019
787,Tajikistan,8663.575,70.4,52.31128953,2016
786,Tajikistan,8454.019,70.1,52.70636418,2015
789,Tajikistan,9100.847,70.9,55.36071427,2018
794,Tanzania,54660.345,64.5,34.15789107,2017
792,Tanzania,51482.638,63.1,34.48131845,2015
796,Tanzania,58005.5,65.5,37.0,2019
795,Tanzania,56313.444,65.0,35.15208205,2018
793,Tanzania,53049.231,63.8,30.79859938,2016
802,Thailand,69625.6,77.2,52.9,2019
801,Thailand,69428.454,76.9,52.86786519,2018
798,Thailand,68714.519,76.1,54.87633155,2015
799,Thailand,68971.313,76.4,53.9310042,2016
800,Thailand,69209.817,76.7,52.70447747,2017
805,Togo,7509.952,60.2,35.20649964,2016
806,Togo,7698.476,60.5,38.29398876,2017
807,Togo,7889.095,60.8,36.22690094,2018
804,Togo,7323.162,59.9,34.23152633,2015
808,Togo,8082.4,61.0,37.3,2019
820,Tunisia,11694.7,76.7,43.9,2019
819,Tunisia,11565.203,76.5,46.7022545,2018
818,Tunisia,11433.438,76.3,42.36673266,2017
816,Tunisia,11179.951,75.9,49.15310868,2015
817,Tunisia,11303.942,76.1,44.99366706,2016
823,Turkey,79827.868,76.9,45.1192084,2016
825,Turkey,82340.09,77.4,43.24802024,2018
822,Turkey,78529.413,76.5,46.16614895,2015
824,Turkey,81116.451,77.2,46.0748894,2017
826,Turkey,83429.6,77.7,41.3,2019
831,Turkmenistan,5850.902,68.1,29.25145523,2018
828,Turkmenistan,5565.283,67.7,34.19830863,2015
832,Turkmenistan,5942.1,68.2,33.0,2019
829,Turkmenistan,5662.371,67.8,35.04876278,2016
830,Turkmenistan,5757.667,68.0,32.28019195,2017
834,Uganda,38225.447,61.4,38.30611876,2015
835,Uganda,39649.173,62.0,38.76208933,2016
838,Uganda,44269.6,63.4,44.8,2019
836,Uganda,41166.588,62.5,37.69692522,2017
837,Uganda,42729.032,63.0,40.1912495,2018
840,Ukraine,44921.636,71.5,37.73761847,2015
844,Ukraine,43993.6,72.1,40.9,2019
842,Ukraine,44487.708,71.8,38.42360354,2017
843,Ukraine,44246.158,72.0,40.52097817,2018
841,Ukraine,44713.708,71.7,36.11445679,2016
849,United Arab Emirates,9630.966,77.8,33.85940322,2018
847,United Arab Emirates,9360.975,77.5,34.98120005,2016
846,United Arab Emirates,9262.896,77.3,32.35232144,2015
848,United Arab Emirates,9487.206,77.6,35.55711198,2017
850,United Arab Emirates,9770.5,78.0,34.3,2019
853,United Kingdom,66297.944,81.1,52.14458882,2016
854,United Kingdom,66727.463,81.2,54.51330242,2017
855,United Kingdom,67141.678,81.2,55.74683502,2018
852,United Kingdom,65860.149,81.1,49.39438329,2015
856,United Kingdom,67530.2,81.3,56.0,2019
860,United States of America,325084.758,78.9,38.29597972,2017
861,United States of America,327096.263,78.9,37.3934735,2018
858,United States of America,320878.312,78.9,37.71290626,2015
862,United States of America,329064.9,78.9,37.4,2019
859,United States of America,323015.992,78.9,37.15926754,2016
873,Uzbekistan,32476.232,71.6,53.99254102,2018
874,Uzbekistan,32981.7,71.7,54.1,2019
871,Uzbekistan,31441.753,71.2,51.08585014,2016
870,Uzbekistan,30929.556,70.9,51.94984692,2015
872,Uzbekistan,31959.774,71.4,55.20577972,2017
886,Venezuela,28515.8,72.1,48.9,2019
885,Venezuela,28887.117,72.1,46.52875272,2018
883,Venezuela,29851.249,72.4,37.88709688,2016
882,Venezuela,30081.827,72.6,45.93564945,2015
884,Venezuela,29402.48,72.2,45.28177224,2017
890,Vietnam,94600.643,75.2,48.36464959,2017
892,Vietnam,96462.1,75.4,48.4,2019
889,Vietnam,93640.435,75.2,47.87010449,2016
891,Vietnam,95545.959,75.3,48.213858,2018
888,Vietnam,92677.082,75.1,48.35691874,2015
897,Yemen,28498.683,66.1,35.98012352,2018
898,Yemen,29161.9,66.1,44.6,2019
894,Yemen,26497.881,66.1,34.866719,2015
896,Yemen,27834.811,66.1,37.30334959,2017
895,Yemen,27168.21,66.1,41.33043295,2016
904,Zambia,17861.0,63.9,34.4,2019
901,Zambia,16363.449,62.5,40.40789981,2016
900,Zambia,15879.37,61.7,43.26301794,2015
903,Zambia,17351.714,63.5,38.99215665,2018
902,Zambia,16853.608,63.0,37.99429004,2017
908,Zimbabwe,14236.599,60.8,34.21260457,2017
907,Zimbabwe,14030.338,60.3,34.4686362,2016
906,Zimbabwe,13814.642,59.5,33.6325062,2015
909,Zimbabwe,14438.812,61.2,34.24830484,2018
910,Zimbabwe,14645.5,61.5,28.6,2019
